1 2
1 3
1 4
2 3
2 5
2 6
3 4
3 7
3 8
4 8
5 6
5 9
5 10
6 7
6 10
6 11
7 8
7 11
7 12
8 12
9 10
9 13
9 14
10 11
10 14
10 15
11 12
11 15
11 16
12 16
13 14
13 17
13 18
14 15
14 18
14 19
15 16
15 19
15 20
16 20
17 18
17 21
17 22
18 19
18 22
18 23
19 20
19 23
19 24
20 24
21 22
21 25
21 26
22 23
22 26
22 27
23 24
23 27
23 28
24 28
25 26
25 29
25 30
26 27
26 30
26 31
27 28
27 31
27 32
28 32
29 30
29 33
29 34
30 31
30 34
30 35
31 32
31 35
31 36
32 36
33 34
33 37
33 38
34 35
34 38
34 39
35 36
35 39
35 40
36 40
37 38
37 41
37 42
38 39
38 42
38 43
39 40
39 43
39 44
40 44
41 42
41 45
41 46
42 43
42 46
42 47
43 44
43 47
43 48
44 48
45 46
45 49
45 50
46 47
46 50
47 48
48 50
49 50
